   1.0757775306701660       8.48450660705566406E-002
   1.1206355094909668       0.22832822799682617     
   1.2071428298950195        1.5894813537597656     
   1.5384621620178223       0.58353137969970703     
  0.54668140411376953        1.3018126487731934     
   1.2589173316955566       0.30704069137573242     
   1.0880770683288574        1.6836061477661133     
  0.77561473846435547       0.26222276687622070     
  0.90987539291381836       0.87756872177124023     
   1.0775527954101563        1.4727544784545898     
   1.2132396697998047       0.60134124755859375     
   1.3640098571777344       0.64367580413818359     
  0.77743005752563477        1.2951421737670898     
   1.1530137062072754        1.2501225471496582     
  0.80830335617065430       0.69138479232788086     
   1.1774568557739258        1.0377545356750488     
  0.80057859420776367        1.4607882499694824     
  0.32346725463867188       0.96174573898315430     
   1.2179360389709473       0.53941726684570313     
   1.0574212074279785        1.1135144233703613     
  0.96813297271728516        1.3767929077148438     
   1.0205898284912109        1.7972488403320313     
   1.5231757164001465        1.4569230079650879     
  0.76116800308227539        1.2487492561340332     
   1.2559189796447754       0.48331832885742188     
   1.3425822257995605       0.41809415817260742     
  0.46665573120117188        1.3970003128051758     
   1.0869855880737305        1.3909120559692383     
  0.91573047637939453        1.6574907302856445     
  0.97196102142333984        1.9529185295104980     
  0.56127262115478516        1.3225178718566895     
   1.2812790870666504       0.56269598007202148     
  0.46065473556518555        1.2408027648925781     
   1.0129208564758301       0.16783332824707031     
  0.79057931900024414        1.5522937774658203     
  0.54952812194824219       0.48451709747314453     
  0.43683815002441406        1.1156129837036133     
   1.1907606124877930        1.5224146842956543     
  0.44616079330444336       0.87616682052612305     
  0.18856287002563477       0.82810306549072266     
  0.66442537307739258        1.1702685356140137     
   1.0077924728393555       0.72218656539916992     
  0.58301067352294922       0.88812589645385742     
   1.2202162742614746       0.71064662933349609     
  0.58485603332519531        1.2615737915039063     
  0.90908718109130859       0.14279937744140625     
   1.3135156631469727        1.2357659339904785     
   1.2606811523437500       0.42523670196533203     
   1.1615309715270996        1.4096574783325195     
   1.0011377334594727       0.10330438613891602     
   1.7692837715148926        1.1919107437133789     
   1.3149304389953613        1.0984096527099609     
   1.4898662567138672        1.2771334648132324     
  0.99184799194335938       0.90360975265502930     
  0.95932531356811523        1.9501833915710449     
  0.98488283157348633       0.17652225494384766     
  0.97735691070556641        1.5378770828247070     
  0.44607496261596680        1.2071099281311035     
  0.45857906341552734       0.61884927749633789     
   1.1455893516540527       0.55273246765136719     
  0.41603851318359375        1.1923813819885254     
   1.1315646171569824       0.49799394607543945     
   1.6948471069335938       0.99470186233520508     
   1.9865798950195313        1.0126104354858398     
   1.6779499053955078        1.2930822372436523     
   1.3152251243591309       0.84986400604248047     
   1.3798999786376953        1.0516591072082520     
   1.6585049629211426       0.67468357086181641     
  0.59516429901123047       0.55883646011352539     
   1.0264763832092285       0.43649768829345703     
  0.85395097732543945        1.2901697158813477     
  0.25560092926025391        1.2227668762207031     
   1.1635551452636719       0.32289648056030273     
   1.4395895004272461       0.94117069244384766     
   1.3337574005126953       0.50790882110595703     
  0.79763031005859375        1.4582848548889160     
   1.5931892395019531       0.64930915832519531     
  0.45374393463134766        1.2865390777587891     
  0.64811897277832031       0.74868822097778320     
   1.7907013893127441        1.0198559761047363     
   1.0722556114196777       0.80935621261596680     
  0.68700742721557617        1.4143624305725098     
  0.72428512573242188        1.3903841972351074     
   1.3822360038757324        1.0275921821594238     
   1.1922268867492676       0.26253032684326172     
  0.29581260681152344        1.1791663169860840     
   1.0364327430725098        1.1349806785583496     
   1.3295102119445801        1.6208124160766602     
   1.1001892089843750        1.0113587379455566     
  0.91227722167968750        1.0787715911865234     
  0.72403478622436523        1.3956942558288574     
  0.39036655426025391        1.0291700363159180     
  0.77484655380249023       0.33347082138061523     
  0.26429271697998047        1.2198657989501953     
   1.5912537574768066       0.84330368041992188     
   1.1239056587219238        1.8652911186218262     
   1.1382436752319336       0.62656116485595703     
  0.29019069671630859       0.81899070739746094     
  0.88892555236816406        1.5365338325500488     
   1.8097743988037109       0.97368192672729492     
   1.3133854866027832       0.93498229980468750     
   1.0899367332458496       0.12145614624023438     
  0.56858539581298828        1.3169960975646973     
   1.8095941543579102        1.0960335731506348     
   1.4520120620727539        1.3438038825988770     
   1.7262411117553711        1.0917420387268066     
  0.55623292922973633        1.1582307815551758     
   1.0669927597045898        1.0077710151672363     
   1.0844607353210449       0.61442613601684570     
   1.4428610801696777        1.5046720504760742     
   1.3514070510864258       0.70090627670288086     
   1.3517475128173828       0.52226400375366211     
  0.61422157287597656       0.80800580978393555     
   1.5307860374450684       0.74493026733398438     
  0.84987974166870117       0.62042427062988281     
  0.39276266098022461       0.79329299926757813     
   1.1785039901733398       0.88359117507934570     
   1.1339221000671387       0.53325033187866211     
   1.4167885780334473       0.60185337066650391     
   1.1565427780151367       0.65740871429443359     
  0.86571693420410156       0.17316913604736328     
   1.3973207473754883       0.68156719207763672     
  0.79218721389770508        1.1162137985229492     
   1.2317876815795898       0.42837953567504883     
   1.1210317611694336        1.4731621742248535     
   1.0476651191711426       0.68021535873413086     
   1.4156942367553711       0.71978473663330078     
   1.6930489540100098       0.81798505783081055     
  0.76094198226928711        1.6723780632019043     
   1.8857259750366211       0.88665962219238281     
   1.1194009780883789        1.1290397644042969     
   1.5253701210021973       0.93437719345092773     
  0.69675922393798828        1.0823693275451660     
  0.88723611831665039        1.1569819450378418     
   1.4439539909362793       0.92096042633056641     
  0.61887931823730469       0.79723262786865234     
  0.95817232131958008       0.16955995559692383     
  0.47745466232299805        1.0864119529724121     
  0.53780937194824219       0.94909858703613281     
  0.58604907989501953       0.57828426361083984     
   1.0416212081909180       0.84678268432617188     
   1.0827684402465820        1.6716613769531250     
   1.2106046676635742        1.7639894485473633     
  0.64536094665527344        1.3711681365966797     
   1.1255335807800293       0.22090387344360352     
   1.1940050125122070       0.72673416137695313     
  0.99144029617309570       0.92865371704101563     
   1.5817422866821289        1.1786470413208008     
   1.2875647544860840        1.5632100105285645     
  0.96368265151977539        1.6684627532958984     
  0.74357557296752930        1.0560679435729980     
   1.3178458213806152       0.32937097549438477     
   1.5133409500122070        1.1029987335205078     
   1.1466622352600098       0.86274576187133789     
  0.95708084106445313        1.4039225578308105     
   1.1263289451599121       0.16809368133544922     
   1.1099438667297363        1.0247311592102051     
  0.14232158660888672        1.0589518547058105     
  0.91789197921752930        1.5988039970397949     
   1.8837733268737793        1.0979719161987305     
   1.1968646049499512       0.76067018508911133     
  0.87480783462524414       0.14169931411743164     
   1.1476335525512695       0.23831748962402344     
   1.0949778556823730       0.65692377090454102     
   1.3070325851440430       0.93385791778564453     
  0.71473217010498047       0.97502946853637695     
  0.51187562942504883        1.3280096054077148     
  0.66562414169311523       0.98210191726684570     
  0.46550416946411133        1.3634161949157715     
   1.2447123527526855       0.93359041213989258     
  0.66438245773315430        1.0379934310913086     
   1.3797125816345215        1.4728803634643555     
  0.78341102600097656       0.92334794998168945     
   1.1079440116882324        1.7143349647521973     
  0.91772747039794922       0.45913553237915039     
   1.1473760604858398       0.97316408157348633     
  0.85232448577880859       0.17209625244140625     
   1.1375699043273926        1.5463099479675293     
   1.0188732147216797       0.50136709213256836     
   1.6946840286254883       0.85538005828857422     
  0.79940843582153320        1.3406224250793457     
  0.87515830993652344        1.7136240005493164     
   1.3770718574523926        1.1156873703002930     
  0.47993087768554688        1.1881999969482422     
  0.71884059906005859       0.93222999572753906     
  0.99894046783447266        1.8992528915405273     
   1.1975455284118652       0.76526784896850586     
  0.83742141723632813        1.6282854080200195     
  0.59188985824584961       0.76640081405639648     
   1.6508731842041016       0.76841640472412109     
   1.2376656532287598        1.1973967552185059     
  0.67899513244628906       0.37421464920043945     
  0.81660318374633789       0.82592296600341797     
  0.66653966903686523        1.1928777694702148     
  0.88866233825683594        1.8357439041137695     
   1.1021432876586914        1.6491951942443848     
   1.1814222335815430       0.23993539810180664     
  0.39483547210693359       0.95090818405151367     
   1.0013680458068848        1.8637962341308594     
   1.1047925949096680        1.3914928436279297     
  0.42742967605590820       0.90563821792602539     
  0.90099620819091797        1.0573353767395020     
   1.0931453704833984       0.84016799926757813     
   1.1598973274230957       0.41488552093505859     
  0.41671943664550781       0.98773813247680664     
   1.6404261589050293        1.1453576087951660     
  0.60702753067016602        1.5916385650634766     
  0.61404418945312500       0.90454387664794922     
  0.39639186859130859        1.2432475090026855     
   1.0182266235351563        1.9189624786376953     
   1.2352051734924316       0.64762401580810547     
  0.28087806701660156        1.0361495018005371     
  0.52912473678588867       0.99063920974731445     
   1.2092671394348145        1.7195162773132324     
  0.94241094589233398       0.13403177261352539     
   1.4603748321533203        1.2392735481262207     
  0.74517917633056641       0.49604701995849609     
  0.42145013809204102        1.2516174316406250     
   1.4523253440856934        1.0521254539489746     
   1.2551951408386230        1.0916948318481445     
   1.4997711181640625       0.90680694580078125     
  0.67650890350341797       0.71319580078125000     
  0.78858947753906250       0.28481340408325195     
  0.52008390426635742        1.5197954177856445     
  0.63726282119750977       0.66196346282958984     
  0.62384605407714844        1.0809760093688965     
   1.7031083106994629        1.2950320243835449     
   1.6733937263488770       0.87606668472290039     
  0.46140146255493164       0.96977519989013672     
   1.5496301651000977        1.0564870834350586     
   1.1201291084289551        1.6922507286071777     
  0.16203260421752930        1.0026297569274902     
   1.4219112396240234        1.0672488212585449     
   1.2179160118103027       0.50157880783081055     
  0.56408643722534180       0.80714035034179688     
   1.0493917465209961       0.52135133743286133     
  0.94906568527221680        1.9410166740417480     
  0.57621574401855469        1.0032792091369629     
   1.4534454345703125        1.0013751983642578     
   1.4594178199768066       0.87185239791870117     
  0.43937301635742188        1.2299022674560547     
   1.3358645439147949        1.5273370742797852     
  0.13032102584838867        1.0367689132690430     
  0.31381702423095703       0.99422121047973633     
  0.71406555175781250       0.46728944778442383     
  0.89578914642333984        1.8866744041442871     
   1.3360691070556641       0.87955713272094727     
   1.6919918060302734        1.1198201179504395     
   1.7747626304626465        1.1847639083862305     
  0.56576156616210938       0.65437173843383789     
  0.67673635482788086       0.92803144454956055     
  0.83748435974121094        1.3082470893859863     
  0.43345355987548828       0.87536144256591797     
   1.0687994956970215       0.21059560775756836     
   1.4268093109130859       0.71012735366821289     
   1.3152565956115723       0.39819002151489258     
   1.2746915817260742       0.29590988159179688     
   1.5256433486938477        1.0908465385437012     
   1.0760364532470703        1.2467937469482422     
   1.2532281875610352        1.1769819259643555     
   1.6929860115051270        1.1014666557312012     
   1.4169416427612305        1.4384851455688477     
   1.0090441703796387       0.34016847610473633     
  0.12359046936035156        1.0411248207092285     
  0.51244211196899414        1.4358744621276855     
  0.14978170394897461       0.99794197082519531     
  0.92219638824462891       0.67252922058105469     
   1.2906475067138672        1.4651713371276855     
  0.68349552154541016       0.63827276229858398     
   1.7511048316955566        1.1573681831359863     
  0.94450807571411133       0.19688558578491211     
  0.78305768966674805        1.2081341743469238     
  0.88637495040893555        1.0181937217712402     
  0.88123655319213867       0.87107133865356445     
  0.75089263916015625        1.6280822753906250     
  0.76329946517944336        1.1959977149963379     
  0.78489303588867188        1.1380891799926758     
   1.3158130645751953       0.43518590927124023     
  0.72497606277465820        1.5360803604125977     
  0.61508846282958984       0.91665029525756836     
  0.67020034790039063        1.1101870536804199     
   1.0969204902648926        1.2131495475769043     
   1.0889182090759277        1.7128844261169434     
   1.4666848182678223       0.46821498870849609     
   1.2418155670166016       0.62403631210327148     
  0.27057123184204102       0.87610960006713867     
  0.83783340454101563       0.76050710678100586     
  0.87591648101806641        1.3608241081237793     
  0.95473480224609375        1.1356945037841797     
  0.68694448471069336       0.39365673065185547     
   1.2501783370971680        1.1135587692260742     
   1.1445307731628418        1.1018099784851074     
  0.86855220794677734       0.14778327941894531     
  0.92208194732666016       0.92699289321899414     
   1.0047068595886230       0.65972757339477539     
   1.5647120475769043        1.2615437507629395     
  0.17627048492431641       0.98279571533203125     
  0.71225595474243164       0.76645660400390625     
   1.2455863952636719        1.5724711418151855     
   1.5090079307556152        1.1036453247070313     
  0.92763519287109375       0.58826208114624023     
   1.4655218124389648        1.3089537620544434     
   1.2890868186950684       0.37386989593505859     
   1.2568860054016113       0.91086673736572266     
  0.76362419128417969       0.69571924209594727     
   1.0552968978881836        1.8111433982849121     
   1.0883088111877441       0.14562892913818359     
   1.1735501289367676        1.0526404380798340     
   1.3415436744689941       0.50411367416381836     
   1.0553956031799316       0.66247701644897461     
  0.48621225357055664       0.51623153686523438     
   1.1185727119445801       0.88827466964721680     
  0.91926383972167969        1.2589445114135742     
   1.0312399864196777       0.90224075317382813     
   1.5631799697875977        1.1553554534912109     
   1.1232461929321289       0.54560136795043945     
  0.19444799423217773       0.82028388977050781     
   1.1402564048767090        1.1120724678039551     
   1.3492054939270020        1.4062371253967285     
  0.34864711761474609        1.0473904609680176     
   1.4067606925964355        1.3392019271850586     
  6.83970451354980469E-002   1.0351896286010742     
   1.4480738639831543       0.57496118545532227     
  0.58017539978027344       0.79598522186279297     
  0.62002515792846680        1.2428855895996094     
   1.1046710014343262       0.93085098266601563     
   1.3456506729125977        1.1377801895141602     
   1.3871169090270996       0.54733371734619141     
   1.7144894599914551       0.96034955978393555     
  0.26312255859375000       0.99580192565917969     
  0.86275720596313477       0.32122421264648438     
  0.44378185272216797       0.83962869644165039     
  0.67384243011474609       0.80046129226684570     
   1.0794782638549805       0.60309791564941406     
   1.1522068977355957       0.38147449493408203     
   1.3015737533569336       0.80616044998168945     
   1.0948162078857422        1.8447189331054688     
  0.78623628616333008        1.0255908966064453     
  0.67603540420532227       0.76806735992431641     
  0.83381652832031250       0.81628704071044922     
  0.92131519317626953        1.0548405647277832     
   1.5150289535522461        1.2854948043823242     
  0.93697929382324219        1.7366967201232910     
  0.92946338653564453        1.8296184539794922     
  0.69762182235717773       0.75393247604370117     
  0.84393024444580078        1.4262499809265137     
   1.3844761848449707       0.85441875457763672     
  0.59551191329956055       0.46613502502441406     
  0.80445957183837891        1.4948072433471680     
  0.26425266265869141       0.91057777404785156     
  0.68314647674560547       0.66218948364257813     
   1.6443586349487305       0.68456983566284180     
   1.1201591491699219        1.5687890052795410     
   1.5530276298522949       0.92331075668334961     
   1.1471557617187500       0.84571266174316406     
  0.94475841522216797        1.3323798179626465     
  0.79391241073608398        1.2382607460021973     
   1.4932794570922852       0.66085767745971680     
  0.59001731872558594        1.0480942726135254     
   1.9550070762634277       0.97699213027954102     
   1.7088904380798340        1.2857766151428223     
  0.56946372985839844        1.5072498321533203     
  0.99811363220214844       0.36360025405883789     
  0.61570930480957031       0.44585180282592773     
  0.91611814498901367        1.1761264801025391     
   1.3368215560913086       0.69591379165649414     
   1.5830540657043457        1.0398559570312500     
   1.7287774085998535        1.2504444122314453     
  0.54925060272216797       0.71718835830688477     
  0.99943256378173828        1.1613421440124512     
  0.39926004409790039       0.72032976150512695     
   1.3134126663208008        1.3626008033752441     
  0.64158725738525391       0.57681798934936523     
  0.96410179138183594        1.0851216316223145     
  0.67507839202880859       0.84349822998046875     
  0.94788694381713867       0.57118034362792969     
   1.6709918975830078       0.97870445251464844     
  0.62170314788818359        1.5637550354003906     
   1.4811873435974121       0.94027662277221680     
   1.2521681785583496       0.77301120758056641     
  0.93851137161254883        1.4580745697021484     
  0.46200227737426758        1.2400603294372559     
   1.2173337936401367        1.6786623001098633     
   1.2172379493713379        1.6241540908813477     
   1.1131682395935059       0.89060640335083008     
   1.3555941581726074        1.6156382560729980     
  0.84266853332519531       0.68686723709106445     
   1.2561450004577637        1.1761207580566406     
   1.5131077766418457        1.0343914031982422     
  0.41578245162963867       0.97129440307617188     
   1.7421813011169434        1.1360750198364258     
  0.99021434783935547       0.98085594177246094     
  0.99719810485839844        1.2692570686340332     
   1.2397284507751465       0.81836414337158203     
   1.1326618194580078       0.37573385238647461     
  0.28606081008911133        1.1629071235656738     
   1.3439598083496094       0.74892854690551758     
   1.0133557319641113        1.5965695381164551     
   1.4854459762573242       0.57181978225708008     
  0.83119297027587891       0.23109197616577148     
   1.2644319534301758       0.62425374984741211     
  0.72604894638061523       0.73895931243896484     
   1.1864147186279297       0.44110393524169922     
   1.5595507621765137       0.75270080566406250     
  0.69419002532958984       0.31550645828247070     
   1.1141967773437500       0.60400485992431641     
   1.6334109306335449        1.0399031639099121     
  0.70348548889160156       0.40587759017944336     
  0.73368787765502930       0.90673828125000000     
   1.6837620735168457       0.98623895645141602     
  0.25623607635498047        1.1911325454711914     
   1.1525888442993164        1.2329993247985840     
  0.77478075027465820        1.4475030899047852     
  0.88807439804077148       0.22247028350830078     
   1.2342782020568848       0.98296022415161133     
   1.2343854904174805        1.0502943992614746     
   1.0686793327331543        1.1336688995361328     
  0.75974321365356445       0.70899868011474609     
   1.0048785209655762       0.16122436523437500     
  0.59233331680297852        1.4290437698364258     
   1.0117535591125488        1.7932648658752441     
  0.55782938003540039        1.4209041595458984     
  0.61147928237915039       0.61131906509399414     
  0.91521120071411133       0.78112363815307617     
   1.4889092445373535        1.4213490486145020     
   1.2994923591613770        1.6575508117675781     
  0.58985567092895508       0.46592044830322266     
   1.7052283287048340       0.74218797683715820     
  0.48318958282470703       0.56584453582763672     
  0.89633846282958984        1.1505231857299805     
   1.0658211708068848       0.28425407409667969     
  0.82006788253784180       0.25229358673095703     
   1.0787301063537598        1.7612743377685547     
   1.2955698966979980       0.59480667114257813     
  0.64403772354125977       0.93819522857666016     
  0.81734991073608398       0.36858415603637695     
  0.94619607925415039       0.91539287567138672     
  0.49811697006225586        1.0428442955017090     
   1.8539614677429199        1.1024665832519531     
   1.5463442802429199        1.1595125198364258     
  0.90444660186767578       0.80053424835205078     
  0.62968969345092773       0.90576696395874023     
  0.90728759765625000        1.4580259323120117     
  0.42299222946166992        1.3140335083007813     
   1.2198185920715332       0.60806035995483398     
  0.12772750854492188        1.0626196861267090     
  0.84869813919067383        1.6999082565307617     
   1.5784091949462891        1.3536658287048340     
  0.82841491699218750       0.44310808181762695     
  0.76969528198242188       0.68804597854614258     
   1.2787556648254395       0.84459972381591797     
   1.8030838966369629        1.1131997108459473     
  0.62949943542480469       0.51439762115478516     
  0.81132602691650391       0.64321660995483398     
   1.2503185272216797        1.3232703208923340     
   1.0427670478820801        1.0265951156616211     
   1.0749263763427734       0.89188957214355469     
  0.70963096618652344       0.55677223205566406     
  0.91308975219726563        1.1490983963012695     
  0.87140607833862305        1.8062610626220703     
  0.59436607360839844       0.77647590637207031     
   1.4019112586975098       0.78447818756103516     
  0.90418338775634766       0.56373596191406250     
  0.58239555358886719        1.1087965965270996     
   1.0731253623962402       0.72880125045776367     
  0.76379728317260742        1.0341782569885254     
  0.94605875015258789       0.89055061340332031     
  0.87559890747070313       0.56044149398803711     
   1.7897944450378418        1.2067179679870605     
  0.50021982192993164       0.54098939895629883     
   1.6621885299682617        1.0819845199584961     
   1.2402305603027344       0.94387006759643555     
   1.5423116683959961        1.0326676368713379     
   1.3382563591003418       0.81782197952270508     
   1.2620472908020020        1.3845949172973633     
  0.91383361816406250        1.3589243888854980     
  0.46454572677612305        1.1715645790100098     
  0.61921548843383789        1.0765156745910645     
   1.2406783103942871       0.51797962188720703     
   1.5128259658813477        1.1187500953674316     
  0.78565835952758789       0.90634346008300781     
  0.79306411743164063       0.51536178588867188     
  0.92794847488403320       0.63409423828125000     
   1.1788215637207031       0.29737186431884766     
   1.5035305023193359       0.56259870529174805     
  0.41928577423095703        1.2917060852050781     
   1.4182949066162109       0.64086198806762695     
   1.4065961837768555       0.97989749908447266     
  0.50655984878540039       0.92772674560546875     
   1.1029257774353027       0.17691421508789063     
  0.78807306289672852        1.2457566261291504     
   1.1311125755310059       0.91602802276611328     
  0.27432489395141602       0.88592720031738281     
  0.85948419570922852       0.82044267654418945     
   1.0779275894165039       0.67761182785034180     
   1.4376039505004883        1.4178442955017090     
  0.85193109512329102       0.82261562347412109     
  0.29100894927978516       0.97670173645019531     
   1.4579715728759766       0.70200347900390625     
  0.89404678344726563       0.59384250640869141     
   1.5457649230957031       0.68126821517944336     
  0.91494941711425781       0.44828224182128906     
   1.0247268676757813        1.5392732620239258     
  0.70564270019531250        1.5625519752502441     
   1.1336560249328613        1.6859393119812012     
  0.41068553924560547        1.2602863311767578     
  0.54256439208984375        1.4220557212829590     
  0.21417617797851563       0.83979892730712891     
  0.93291807174682617       0.32234287261962891     
   1.4761090278625488       0.54622936248779297     
   1.4671769142150879       0.84817743301391602     
  0.44653415679931641       0.61847448348999023     
   1.0254220962524414        1.2499709129333496     
   1.5978741645812988        1.3914799690246582     
  0.22768735885620117       0.93177509307861328     
   1.1859841346740723       0.32585334777832031     
   1.5869450569152832       0.66821908950805664     
  0.41748905181884766       0.82189035415649414     
   1.9193673133850098        1.0261802673339844     
   1.2956371307373047       0.30555295944213867     
  0.53374099731445313       0.47352218627929688     
  0.18465757369995117        1.0751581192016602     
   1.2694745063781738        1.0894947052001953     
   1.1114344596862793       0.47482109069824219     
   1.2349519729614258        1.3674001693725586     
   1.4560117721557617        1.5023975372314453     
   1.8800182342529297       0.90328359603881836     
   1.4713368415832520        1.5108604431152344     
  0.29328489303588867        1.1630029678344727     
   1.6084599494934082        1.1432805061340332     
   1.2871184349060059       0.81029748916625977     
   1.2957859039306641       0.87778759002685547     
   1.1346659660339355       0.82404756546020508     
  0.83487510681152344        1.4674987792968750     
  0.83423280715942383        1.0269398689270020     
   1.5118446350097656       0.78660392761230469     
   1.9697742462158203        1.0093889236450195     
  0.86885976791381836        1.2728490829467773     
   1.1659898757934570       0.50309228897094727     
  0.80220508575439453        1.4839138984680176     
   1.2571249008178711        1.6960215568542480     
   1.3962121009826660        1.3743109703063965     
  0.38785457611083984        1.3009715080261230     
   1.2070670127868652        1.0826597213745117     
   1.3339891433715820        1.4056220054626465     
   1.1194953918457031       0.24124145507812500     
   1.7289590835571289       0.99837970733642578     
   1.4555511474609375        1.0097136497497559     
   1.3417038917541504        1.2984151840209961     
   1.3596310615539551        1.0738720893859863     
  0.72054290771484375       0.45894384384155273     
  0.84380292892456055       0.78506898880004883     
   1.3119421005249023       0.53007745742797852     
  0.78481864929199219        1.7018423080444336     
  0.85039472579956055        1.7805905342102051     
  0.95477771759033203        1.3611259460449219     
  0.76807308197021484        1.2668266296386719     
  0.41959762573242188       0.60591745376586914     
  0.84274005889892578       0.37035512924194336     
  0.96906423568725586        1.0707979202270508     
  0.67445182800292969        1.3322553634643555     
   1.0075578689575195        1.9592113494873047     
  0.99415397644042969        1.0137491226196289     
  0.94484281539916992        1.8183574676513672     
  0.99838113784790039        1.2832775115966797     
   1.2271170616149902       0.62771129608154297     
  0.47778654098510742       0.65988922119140625     
   1.0275106430053711        1.1000576019287109     
   1.2673673629760742        1.4903383255004883     
  0.64305496215820313        1.0854592323303223     
  0.30080795288085938        1.2721066474914551     
   1.0605282783508301       0.47786092758178711     
  0.55432891845703125       0.54011249542236328     
  0.57678508758544922        1.0029158592224121     
   1.0104160308837891       0.10565042495727539     
  0.25081014633178711        1.1004695892333984     
  0.63801670074462891        1.0816712379455566     
  0.65270948410034180        1.5495500564575195     
  0.64799594879150391       0.45143222808837891     
  0.80970096588134766        1.2936687469482422     
  0.72177743911743164        1.4808440208435059     
   1.0648570060729980       0.34253025054931641     
  0.30161619186401367       0.74196910858154297     
  0.84234237670898438       0.72280740737915039     
  0.41327905654907227       0.67405700683593750     
   1.4144439697265625       0.89111995697021484     
  0.56729936599731445        1.0571851730346680     
   1.5095486640930176       0.80537652969360352     
  0.58855390548706055       0.73362207412719727     
  0.80735063552856445       0.61128759384155273     
  0.98040103912353516       0.29070138931274414     
   1.3838281631469727        1.0380549430847168     
  0.50928354263305664        1.2607026100158691     
   1.3663301467895508        1.5426750183105469     
   1.7073040008544922        1.1412720680236816     
  0.87155199050903320       0.90306758880615234     
  0.96030092239379883       0.14406538009643555     
   1.3285546302795410       0.56474018096923828     
  0.74974536895751953       0.83273220062255859     
  0.89174509048461914        1.0612406730651855     
   1.1348705291748047       0.79469060897827148     
   1.4337587356567383       0.49715423583984375     
   1.0201077461242676       0.59170532226562500     
  0.42074489593505859       0.61945867538452148     
   1.1999030113220215       0.84638214111328125     
   1.4467649459838867        1.5156011581420898     
  0.91785049438476563       0.21893978118896484     
   1.5482597351074219       0.74136686325073242     
   1.1928133964538574        1.7948341369628906     
  0.55384969711303711        1.1245794296264648     
   1.1127347946166992       0.70801448822021484     
   1.1514201164245605       0.47148227691650391     
  0.86798429489135742       0.90413904190063477     
  0.57864189147949219       0.51566934585571289     
  0.53695535659790039        1.4673743247985840     
  0.76311779022216797       0.55161380767822266     
   1.5031471252441406       0.53873777389526367     
   1.7437076568603516       0.95638132095336914     
   1.0815768241882324        1.6082568168640137     
  0.56594324111938477       0.63447618484497070     
  0.73104715347290039       0.53735876083374023     
   1.0865707397460938        1.8767666816711426     
  0.54436683654785156        1.3973879814147949     
  0.72447681427001953       0.99994754791259766     
  0.44058752059936523        1.1878023147583008     
  0.97702503204345703        1.4054632186889648     
   1.6986937522888184       0.78244400024414063     
  0.18583059310913086        1.0061244964599609     
   1.2467908859252930       0.43334054946899414     
  0.54005384445190430       0.88767957687377930     
   1.0586357116699219        1.3630685806274414     
  0.81454896926879883        1.5108804702758789     
  0.59610843658447266        1.2079725265502930     
   1.4430999755859375        1.1826953887939453     
  0.54897022247314453       0.97422981262207031     
  0.84659528732299805       0.48839378356933594     
   1.1250057220458984        1.8454871177673340     
  0.62556695938110352        1.4165940284729004     
  0.24570178985595703        1.1093530654907227     
  0.95393800735473633       0.37447071075439453     
  0.97901344299316406        1.8223514556884766     
  0.59866189956665039        1.2210888862609863     
   1.0903973579406738       0.85849428176879883     
  0.38114976882934570       0.83649873733520508     
   1.2257580757141113        1.0477380752563477     
  0.68819904327392578       0.41793394088745117     
  0.72508335113525391       0.70552253723144531     
   1.0738663673400879       0.66204500198364258     
   1.0641245841979980        1.8574562072753906     
  0.62527942657470703        1.5540246963500977     
   1.2389531135559082       0.44178915023803711     
   1.6359028816223145        1.2204165458679199     
   1.5897202491760254        1.0072846412658691     
  0.75955867767333984        1.5580015182495117     
   1.8140101432800293       0.99019861221313477     
   1.4469366073608398       0.92394161224365234     
  0.66786718368530273       0.70070028305053711     
   1.8855342864990234        1.0449271202087402     
   1.2036867141723633       0.48838233947753906     
   1.6771030426025391       0.77942419052124023     
   1.2829384803771973       0.33120346069335938     
  0.72650814056396484       0.66340541839599609     
  0.92827892303466797       0.86255121231079102     
   1.5959572792053223       0.90243387222290039     
  0.89185667037963867        1.5549116134643555     
  0.39005041122436523        1.0671944618225098     
  0.93119001388549805       0.61092138290405273     
   1.2868652343750000        1.5530018806457520     
   1.5643687248229980        1.2094602584838867     
   1.7933034896850586       0.98534774780273438     
   1.7400856018066406        1.2566471099853516     
   1.0688767433166504        1.9026331901550293     
  0.61230611801147461       0.39848756790161133     
   1.0479712486267090        1.3989872932434082     
   1.8835315704345703       0.89756727218627930     
  0.52730369567871094        1.4310650825500488     
  0.92444658279418945        1.6300563812255859     
   1.3456206321716309        1.4475545883178711     
  0.81517553329467773        1.2557358741760254     
   1.0942354202270508        1.6932435035705566     
  0.82178306579589844       0.34932947158813477     
  0.98682260513305664       0.59662199020385742     
   1.5329546928405762        1.4350204467773438     
  0.98564243316650391        1.4883499145507813     
   1.1595625877380371       0.16927242279052734     
  0.77093267440795898       0.98473691940307617     
  0.97441148757934570       0.77649593353271484     
  0.89372634887695313       0.93859291076660156     
   1.3578815460205078       0.85883045196533203     
  0.87983894348144531        1.5041899681091309     
  0.31071853637695313        1.0027928352355957     
   1.0020518302917480       4.82397079467773438E-002
  0.53174400329589844       0.74031543731689453     
   1.8111133575439453       0.81965732574462891     
  0.79528999328613281       0.47414731979370117     
  0.90949344635009766        1.7272267341613770     
   1.3720993995666504       0.79041624069213867     
   1.0289654731750488        1.5636448860168457     
   1.2795510292053223        1.3277978897094727     
   1.1175255775451660        1.4136199951171875     
  0.53054523468017578       0.65045642852783203     
  0.88021945953369141       0.22530698776245117     
  0.71306276321411133       0.78451395034790039     
   1.6915798187255859        1.2774639129638672     
   1.5373606681823730       0.72086477279663086     
   1.4936857223510742        1.3717646598815918     
  0.71958303451538086       0.43192005157470703     
   1.0698266029357910       0.35610437393188477     
  0.48443412780761719       0.82020664215087891     
   1.1614537239074707       0.78819465637207031     
  0.19818305969238281       0.88397741317749023     
  0.88360548019409180        1.0123100280761719     
   1.1822390556335449       0.92435646057128906     
  0.88099479675292969        1.0905919075012207     
  0.67449045181274414       0.60608196258544922     
  0.79482507705688477       0.34623241424560547     
   1.6465816497802734        1.2159218788146973     
   1.6266889572143555        1.0356001853942871     
  0.76240682601928711        1.2996425628662109     
  0.48072624206542969        1.4163007736206055     
  0.85032320022583008       0.31494712829589844     
   1.9044771194458008        1.0705947875976563     
  0.90443801879882813        1.4154310226440430     
   1.3449869155883789       0.54618358612060547     
   1.9134435653686523       0.95543718338012695     
   1.8490991592407227        1.0401406288146973     
   1.2377657890319824        1.3772892951965332     
   1.3255462646484375       0.84427499771118164     
  0.66289472579956055       0.85339736938476563     
   1.1265034675598145        1.4854159355163574     
   1.3874073028564453        1.6073040962219238     
   1.3267807960510254        1.4462499618530273     
  0.58020401000976563        1.2680168151855469     
   1.5330691337585449       0.70258855819702148     
   1.0232791900634766        1.4762091636657715     
  0.83165359497070313       0.53890514373779297     
  0.87072944641113281       0.67945861816406250     
   1.1761221885681152       0.53535747528076172     
   1.1526417732238770       0.48020982742309570     
   1.2398214340209961       0.53824567794799805     
  0.71508693695068359       0.33910274505615234     
  0.51025342941284180       0.88207197189331055     
   1.4327659606933594       0.91106128692626953     
   1.2530965805053711       0.45915985107421875     
  0.80487298965454102        1.1142940521240234     
   1.6475687026977539       0.97117280960083008     
  0.46247863769531250       0.71652030944824219     
  0.32379770278930664       0.86343383789062500     
   1.2002849578857422        1.1984539031982422     
   1.1895546913146973       0.43798112869262695     
   1.3366856575012207       0.39016056060791016     
  0.49072122573852539        1.3642387390136719     
   1.2657094001770020       0.81031036376953125     
  0.34248304367065430        1.0084118843078613     
   1.0538964271545410       0.30311250686645508     
  0.84221220016479492       0.42202377319335938     
   1.0827355384826660       0.97034597396850586     
   1.0804495811462402       0.22302389144897461     
   1.2199945449829102        1.7361831665039063     
  0.95685768127441406        1.3603277206420898     
   1.6892895698547363       0.71933984756469727     
   1.2252230644226074       0.40722942352294922     
   1.4776024818420410       0.90062284469604492     
   1.5470266342163086        1.0465822219848633     
   1.3175311088562012        1.1233863830566406     
  0.55494117736816406       0.49645471572875977     
  0.54666423797607422       0.78312206268310547     
  0.94715595245361328       0.23228073120117188     
  0.66753101348876953       0.35118913650512695     
  0.38768434524536133        1.3078794479370117     
  0.48059463500976563        1.2223019599914551     
   1.2563467025756836       0.99700784683227539     
  0.73404979705810547        1.4760704040527344     
   1.5406808853149414       0.59539031982421875     
  0.61011743545532227        1.1030173301696777     
  0.96227931976318359       0.34962987899780273     
  0.78991985321044922       0.46621513366699219     
   1.0622348785400391       0.53769922256469727     
   1.1454577445983887       0.76503038406372070     
  0.94178295135498047        1.4626379013061523     
  0.55210447311401367       0.56914043426513672     
  0.64000225067138672        1.5838594436645508     
  0.96957063674926758       0.17944192886352539     
   1.5874342918395996       0.97009849548339844     
  0.67377233505249023        1.1047868728637695     
  0.59103584289550781        1.0646939277648926     
   1.0120296478271484       0.65484666824340820     
  0.96002912521362305       0.41682100296020508     
   1.1280984878540039       0.16443157196044922     
   1.0141181945800781        1.1462845802307129     
  0.69201850891113281        1.0027184486389160     
  0.44878864288330078       0.90883684158325195     
  0.53573226928710938       0.79581212997436523     
  0.40679883956909180       0.95257186889648438     
   1.2647552490234375       0.49804401397705078     
  0.90504455566406250        1.5409297943115234     
   1.4961118698120117       0.96656799316406250     
   1.2356557846069336       0.70900011062622070     
  0.45196294784545898        1.0452046394348145     
   1.4470038414001465       0.63468790054321289     
   1.3881726264953613        1.1663174629211426     
   1.2851328849792480       0.44856548309326172     
  0.52720069885253906       0.64926481246948242     
   1.0252618789672852        1.4223461151123047     
  0.75597953796386719        1.5233173370361328     
   1.4404621124267578       0.77675914764404297     
  0.87049770355224609        1.6341276168823242     
  0.77592372894287109        1.3263616561889648     
  0.27421617507934570       0.99560594558715820     
  0.90418624877929688        1.0037026405334473     
  0.28209114074707031        1.2291054725646973     
  0.62228679656982422       0.90905141830444336     
  0.95056629180908203        1.5185737609863281     
  0.92245101928710938        1.5578942298889160     
  0.78633785247802734       0.91238451004028320     
  0.59447193145751953       0.60089778900146484     
   1.2933955192565918        1.2956471443176270     
   1.1795525550842285        1.4976053237915039     
  0.76283454895019531       0.27553367614746094     
  0.21607446670532227       0.88182449340820313     
   1.5774865150451660       0.84626626968383789     
  0.41971778869628906       0.72904729843139648     
  0.38804340362548828        1.2387471199035645     
  0.63678073883056641       0.49332475662231445     
   1.2234420776367188        1.0867152214050293     
   1.5958914756774902       0.89859151840209961     
  0.83901071548461914       0.38330411911010742     
   1.3211803436279297        1.5058379173278809     
   1.4604535102844238        1.4164409637451172     
  0.64708900451660156        1.3620586395263672     
   1.1779489517211914        1.6971874237060547     
   1.6240324974060059       0.78743791580200195     
   1.1430916786193848        1.7645945549011230     
   1.7544064521789551        1.1301813125610352     
  0.74114370346069336        1.0012550354003906     
   1.3862471580505371       0.59277391433715820     
  0.51090288162231445        1.2666735649108887     
  0.76340103149414063       0.98963499069213867     
   1.1488752365112305       0.57653617858886719     
  0.76954507827758789        1.4214420318603516     
  0.68189048767089844       0.48815631866455078     
   1.2636537551879883        1.3469552993774414     
   1.0602178573608398        1.4889750480651855     
  0.73822832107543945       0.83873319625854492     
  0.22902774810791016       0.99773454666137695     
  0.90087604522705078        1.3756155967712402     
   1.7410440444946289       0.95978879928588867     
   1.6134223937988281       0.76851654052734375     
  0.55813837051391602       0.83115863800048828     
  0.85461330413818359        1.3715701103210449     
   1.0587530136108398        1.1057181358337402     
  0.92497014999389648        1.0467081069946289     
  0.61374664306640625        1.2964310646057129     
   1.7190341949462891       0.92168569564819336     
  0.79052352905273438       0.94429636001586914     
   1.5347929000854492       0.95434999465942383     
  0.63607692718505859        1.5945782661437988     
   1.2683730125427246       0.27089309692382813     
   1.0029602050781250       0.93195247650146484     
  0.47847175598144531       0.61285829544067383     
  0.72582435607910156       0.68462276458740234     
  0.85502958297729492       0.68577432632446289     
  0.41256093978881836       0.82450819015502930     
  0.89821386337280273       0.62014389038085938     
  0.29686689376831055       0.77487516403198242     
  0.89240026473999023       0.43972206115722656     
   1.9468374252319336        1.0042247772216797     
   1.0290741920471191        1.0584125518798828     
  0.77907085418701172        1.1648240089416504     
   1.8019666671752930       0.97619533538818359     
   1.3668107986450195        1.3981747627258301     
   1.1764626502990723       0.52009963989257813     
  0.90459108352661133       0.25922298431396484     
   1.2009015083312988       0.96415472030639648     
   1.4672656059265137       0.96938610076904297     
  0.67788076400756836       0.43282270431518555     
  0.69415855407714844        1.5826592445373535     
   1.7173318862915039       0.96286153793334961     
   1.4387769699096680       0.70745944976806641     
  0.46066474914550781       0.70687723159790039     
   1.6528515815734863        1.3114914894104004     
  0.95005846023559570       0.96817302703857422     
  0.90237808227539063       0.19573688507080078     
  0.92094182968139648       0.62532377243041992     
  0.25192308425903320       0.83406543731689453     
   1.1908550262451172        1.5095801353454590     
  0.88798713684082031        1.7780742645263672     
   1.0826153755187988        1.8597493171691895     
   1.3167986869812012       0.92638778686523438     
   1.0184941291809082        1.8719630241394043     
   1.8647217750549316        1.0171566009521484     
  0.69279670715332031       0.60678577423095703     
   1.3263731002807617       0.94602727890014648     
   1.2942495346069336       0.90419912338256836     
   1.1181063652038574       0.58623361587524414     
  0.49119615554809570       0.94604158401489258     
  3.51476669311523438E-002  0.98109912872314453     
   1.7036032676696777        1.0078296661376953     
  0.48278903961181641       0.60515642166137695     
  0.73417854309082031       0.84529209136962891     
   1.6833329200744629        1.0787858963012695     
   1.2678694725036621        1.2188472747802734     
  0.71044492721557617       0.71881198883056641     
  0.90354108810424805       0.77671337127685547     
   1.1932382583618164       0.33075714111328125     
  0.23875379562377930       0.85365772247314453     
  0.97186946868896484        1.3444433212280273     
   1.2925944328308105       0.94504880905151367     
   1.7493324279785156       0.95323133468627930     
   1.0513315200805664       0.96437788009643555     
   1.5872340202331543       0.69272947311401367     
  0.16620683670043945        1.1256136894226074     
  0.75112867355346680       0.97148036956787109     
   1.1958045959472656       0.61179542541503906     
  0.96186876296997070        1.3320508003234863     
  0.67715406417846680        1.5113081932067871     
   1.0271987915039063       0.85428428649902344     
  0.30711078643798828        1.2535128593444824     
   1.4087162017822266        1.4746999740600586     
  0.91492509841918945       0.36891603469848633     
   1.3039383888244629       0.97321414947509766     
   1.2171335220336914       0.48191642761230469     
  0.61616992950439453        1.2423748970031738     
   1.3620700836181641        1.0039415359497070     
  0.73943567276000977        1.6315112113952637     
   1.7031283378601074       0.83197546005249023     
   1.2854375839233398        1.6453027725219727     
  0.53307580947875977       0.50034856796264648     
  0.71816253662109375        1.3783407211303711     
  0.72628927230834961        1.6280150413513184     
  0.43276548385620117        1.2627897262573242     
   1.4018497467041016        1.3825435638427734     
  0.74028396606445313       0.33720159530639648     
  0.93982744216918945       0.41706275939941406     
   1.1825938224792480       0.19527339935302734     
   1.2992463111877441        1.4614763259887695     
   1.0291385650634766        1.5645947456359863     
   1.2739248275756836       0.36571455001831055     
   1.1487751007080078        1.7495741844177246     
  0.85672044754028320       0.83027172088623047     
  0.34573745727539063       0.92495155334472656     
   1.4616808891296387       0.87408685684204102     
  0.87521409988403320       0.62043714523315430     
   1.0205054283142090        1.0074305534362793     
   1.8062796592712402        1.0064949989318848     
  0.94185018539428711       0.14866447448730469     
   1.6499505043029785       0.71461200714111328     
  0.64907598495483398        1.2092671394348145     
   1.4529647827148438       0.71376514434814453     
   1.1193709373474121       0.84476280212402344     
  0.43082857131958008       0.75883340835571289     
   1.2120552062988281       0.27418041229248047     
   1.0250329971313477       0.17205047607421875     
  0.39086437225341797        1.1711912155151367     
  0.92966794967651367       0.92529773712158203     
   1.6064858436584473        1.3762392997741699     
   1.1136660575866699        1.1014137268066406     
   1.7767353057861328       0.94106197357177734     
   1.2331066131591797       0.77252626419067383     
  0.90418767929077148        1.7002100944519043     
   1.0037312507629395        1.1709580421447754     
  0.95479917526245117        1.6311321258544922     
   1.5282568931579590       0.68291044235229492     
   1.0450429916381836       0.24621963500976563     
   1.4116888046264648        1.5565681457519531     
   1.2547802925109863       0.93764162063598633     
  0.50142002105712891        1.2127132415771484     
   1.8351602554321289       0.94611310958862305     
   1.2465047836303711       0.83805513381958008     
  0.53757476806640625       0.88193464279174805     
  0.93551015853881836        1.2416853904724121     
  0.89524126052856445       0.58413219451904297     
  0.55660915374755859        1.4795193672180176     
  0.50917196273803711       0.84800148010253906     
   1.6463813781738281        1.2775068283081055     
  0.75067090988159180        1.6059722900390625     
  0.90319919586181641        1.8761744499206543     
  0.57117605209350586       0.86192178726196289     
   1.4312138557434082       0.55635166168212891     
  0.34882164001464844        1.0820102691650391     
  0.98551654815673828       0.93888044357299805     
  0.73512840270996094       0.74340534210205078     
  0.73095417022705078        1.0267167091369629     
  0.74922466278076172       0.87718534469604492     
   1.2197070121765137       0.49919843673706055     
   1.0611906051635742       0.55926275253295898     
   1.1348261833190918        1.4564080238342285     
  0.69895935058593750       0.72817754745483398     
  0.86661386489868164       0.82262992858886719     
   1.1632032394409180       0.76962375640869141     
  0.31073141098022461       0.73326444625854492     
  0.99636697769165039        1.2176914215087891     
  0.35800981521606445        1.1050472259521484     
  0.99977016448974609       0.54273319244384766     
  0.57868051528930664        1.4799385070800781     
  0.48196649551391602       0.92974233627319336     
  0.99348735809326172        1.7765250205993652     
   1.3050355911254883        1.0035953521728516     
   1.0786113739013672       0.89000701904296875     
   1.5070195198059082        1.3495931625366211     
  0.79912805557250977       0.51634740829467773     
   1.6575751304626465       0.97923517227172852     
  0.73365211486816406       0.94281721115112305     
  0.35675525665283203        1.2455978393554688     
   1.0787658691406250       8.20541381835937500E-002
   1.4027209281921387        1.1722741127014160     
   1.2905759811401367       0.56920909881591797     
   1.7459049224853516        1.0479283332824707     
   1.2105574607849121       0.31966924667358398     
   1.2759947776794434        1.0622262954711914     
   1.9092049598693848        1.0120353698730469     
   1.2257008552551270        1.0810933113098145     
   1.4657750129699707        1.1481156349182129     
  0.98973083496093750       0.90681695938110352     
  0.68407201766967773        1.5622558593750000     
   1.2149119377136230       0.83482646942138672     
  2.58908271789550781E-002  0.98003482818603516     
   1.4533381462097168        1.0852389335632324     
   1.0870542526245117        1.4269824028015137     
  0.77533578872680664        1.6600685119628906     
  0.26729393005371094       0.98265981674194336     
   1.3001232147216797        1.5614604949951172     
  0.64106369018554688       0.39054536819458008     
   1.4856605529785156        1.1371550559997559     
   1.5953021049499512        1.2215552330017090     
  0.59470367431640625        1.5444674491882324     
   1.0337204933166504       0.79045772552490234     
  0.92751073837280273        1.5858922004699707     
   1.0946102142333984       0.29186296463012695     
   1.1897020339965820       0.59317588806152344     
  0.78311491012573242        1.6176338195800781     
  0.73054647445678711       0.55086421966552734     
  0.84467124938964844       0.57768630981445313     
  0.40150451660156250        1.1949205398559570     
  0.97239446640014648       0.93522119522094727     
   1.9133019447326660       0.92273855209350586     
  0.89854574203491211        1.8367624282836914     
  0.91834831237792969        1.3627524375915527     
   1.0067467689514160        1.8630695343017578     
  0.69161510467529297       0.75470638275146484     
  0.97536277770996094        1.4764580726623535     
   1.2176184654235840       0.75301122665405273     
  0.55308437347412109       0.94858646392822266     
   1.7111148834228516       0.90705156326293945     
   1.5340175628662109        1.4298090934753418     
  0.24274635314941406       0.82241106033325195     
   1.7739830017089844        1.1163582801818848     
   1.3340363502502441       0.64641952514648438     
   1.1910824775695801        1.5259180068969727     
   1.1466336250305176        1.2413048744201660     
  7.68198966979980469E-002   1.0563597679138184     
   1.1357874870300293       0.24658584594726563     
  0.84439086914062500        1.2897677421569824     
   1.6522607803344727       0.71652317047119141     
   1.5565495491027832       0.60509490966796875     
   1.1519079208374023        1.2405867576599121     
  0.74006795883178711        1.5905785560607910     
  0.78537940979003906       0.30060768127441406     
  0.86740493774414063        1.5086560249328613     
  0.61001729965209961       0.56268596649169922     
  0.93705940246582031       0.42047882080078125     
   1.0113430023193359       0.43459367752075195     
   1.2168703079223633       0.28023147583007813     
  0.45056390762329102       0.91014575958251953     
   1.4232115745544434       0.96293020248413086     
   1.7250108718872070       0.76490592956542969     
  0.83051633834838867       0.37480545043945313     
   1.0324831008911133        1.7062411308288574     
  0.82889699935913086        1.7188782691955566     
  0.74524211883544922       0.30427837371826172     
  0.76732206344604492       0.30678033828735352     
  0.83474779129028320       0.67367649078369141     
  0.75821113586425781       0.41649770736694336     
   1.6671395301818848        1.2074761390686035     
   1.7665586471557617       0.87256336212158203     
  0.52909755706787109       0.47130775451660156     
  0.54975986480712891        1.2783322334289551     
   1.2247681617736816        1.1198043823242188     
  0.51306724548339844        1.3211846351623535     
  0.75790929794311523        1.6740503311157227     
   1.0266137123107910       4.28581237792968750E-002
   1.0017800331115723       0.64631938934326172     
   1.5636391639709473        1.0676164627075195     
  0.66492462158203125        1.4971604347229004     
  0.21705579757690430       0.82916021347045898     
   1.7554621696472168       0.92294597625732422     
   1.3768916130065918        1.3082656860351563     
  0.82971811294555664        1.7346897125244141     
   1.0770492553710938       0.95313835144042969     
  0.76173591613769531       0.46946382522583008     
  0.46922492980957031        1.2308564186096191     
  0.40774440765380859       0.70381593704223633     
   1.4789571762084961       0.77658033370971680     
  0.80023097991943359        1.4252185821533203     
   1.3725128173828125       0.43283128738403320     
   1.4496717453002930       0.57965040206909180     
  0.53832721710205078        1.4435405731201172     
  0.97004985809326172        1.8185391426086426     
   1.0800046920776367        1.8921732902526855     
  0.96633195877075195       0.56161165237426758     
   1.2532310485839844       0.44103240966796875     
   1.2628340721130371       0.66542100906372070     
   1.0219902992248535        1.1153869628906250     
   1.5116615295410156        1.0171837806701660     
  0.93209266662597656        1.5691924095153809     
   1.4042415618896484        1.4655776023864746     
   1.2991948127746582       0.58186769485473633     
   1.2542867660522461        1.6067676544189453     
   1.0259385108947754       0.66165304183959961     
  0.92587423324584961       0.94370269775390625     
   1.5787868499755859        1.3940434455871582     
  0.97847270965576172       0.32628107070922852     
  0.51027488708496094       0.67411279678344727     
  0.35362529754638672        1.1454620361328125     
   1.2462687492370605        1.0854735374450684     
  0.83878326416015625       0.92590427398681641     
   1.5039839744567871       0.84107065200805664     
  0.78131675720214844        1.4638452529907227     
  0.71209859848022461        1.3680553436279297     
   1.2332410812377930        1.6279177665710449     
   1.1759490966796875       0.21982526779174805     
  0.48135280609130859       0.56710481643676758     
   1.4069395065307617        1.0427241325378418     
  0.87565612792968750        1.2250370979309082     
  0.52366018295288086       0.87945699691772461     
  0.76832914352416992       0.95190382003784180     
  0.92345666885375977        1.9006204605102539     
   1.0124745368957520        1.8627977371215820     
  0.64653253555297852        1.2440915107727051     
  0.55380392074584961        1.4853429794311523     
  0.35923862457275391       0.75830411911010742     
   1.7385678291320801       0.82144403457641602     
   1.1542439460754395        1.4959888458251953     
  0.54498052597045898        1.5278577804565430     
  0.46430683135986328       0.81707525253295898     
   1.5465831756591797        1.3398742675781250     
   1.4293842315673828        1.2727189064025879     
   1.3714013099670410        1.5591287612915039     
   1.6463685035705566        1.1392965316772461     
  0.96065711975097656       0.60164308547973633     
  0.27591133117675781        1.1830730438232422     
  0.16586637496948242       0.87358903884887695     
  0.98616027832031250       0.27086591720581055     
  0.28077936172485352       0.99527120590209961     
   1.2622232437133789        1.5001859664916992     
  0.76008081436157227        1.6281895637512207     
  0.98770809173583984        1.5951390266418457     
  0.46444129943847656       0.61119174957275391     
   1.0534129142761230       0.61244058609008789     
  0.50705766677856445       0.53373813629150391     
   1.6117601394653320       0.93266773223876953     
  0.40381622314453125       0.75253486633300781     
  0.50079059600830078       0.50406789779663086     
   1.2703614234924316        1.5856733322143555     
  0.32802200317382813        1.1114788055419922     
  0.98806142807006836        1.9165892601013184     
  0.81582641601562500       0.49809122085571289     
   1.5847105979919434       0.71809244155883789     
  0.86358118057250977        1.6046662330627441     
  0.72352838516235352       0.33077001571655273     
   1.5654072761535645        1.3921666145324707     
   1.0276494026184082       0.18115139007568359     
   1.0771565437316895        1.5794091224670410     
   1.7854642868041992        1.1464376449584961     
   1.4732952117919922        1.1425766944885254     
   1.2529649734497070       0.62559986114501953     
  0.72048282623291016        1.5335326194763184     
  0.45861482620239258        1.3402061462402344     
  0.79295396804809570        1.6282753944396973     
   1.1928191184997559       0.42538833618164063     
  0.62604904174804688        1.0857810974121094     
   1.3346629142761230       0.37908840179443359     
  0.60286331176757813       0.49043226242065430     
  0.90546798706054688       0.59137773513793945     
   1.2756929397583008       0.95754861831665039     
  0.73690509796142578       0.30186080932617188     
  0.82460546493530273        1.1294803619384766     
  0.99443006515502930       0.13187026977539063     
   1.2377572059631348       0.80263853073120117     
   1.0040817260742188        1.9610767364501953     
  0.78081750869750977        1.6027350425720215     
  0.52613782882690430        1.4821400642395020     
   1.7371873855590820       0.79733705520629883     
  0.55458354949951172       0.48317384719848633     
   1.1015610694885254        1.5342764854431152     
   1.3449568748474121        1.3675961494445801     
   1.0279912948608398        1.5969085693359375     
   1.6188483238220215        1.1171622276306152     
   1.3668308258056641        1.4603848457336426     
  0.52701187133789063        1.3513984680175781     
   1.6440210342407227        1.0344529151916504     
   1.3877434730529785       0.89698219299316406     
  0.57626867294311523       0.89184093475341797     
   1.3696374893188477        1.1858339309692383     
  0.40064764022827148        1.0288753509521484     
  0.30303382873535156        1.2308921813964844     
  0.97782182693481445        1.7130918502807617     
  0.77730560302734375        1.5948228836059570     
   1.0484032630920410       0.95385646820068359     
   1.2502541542053223       0.89805793762207031     
  0.85298395156860352        1.6766552925109863     
  0.99504661560058594        1.3651413917541504     
  0.82896423339843750        1.3013534545898438     
   1.0881628990173340        1.9116010665893555     
  0.69471502304077148        1.0012321472167969     
   1.2807512283325195        1.5229983329772949     
   1.2577385902404785        1.1973252296447754     
   1.5540003776550293       0.61057949066162109     
   1.1474547386169434        1.2678594589233398     
  0.55616998672485352       0.84910440444946289     
  0.53800392150878906        1.4185523986816406     
  0.95286226272583008       0.67213869094848633     
  0.76914310455322266        1.7538528442382813     
   1.3595409393310547        1.3038039207458496     
   1.8168096542358398        1.0360035896301270     
  0.78044843673706055       0.27244091033935547     
   1.0009431838989258       0.91510963439941406     
  0.17134237289428711       0.95029735565185547     
  0.85235023498535156        1.8351173400878906     
  0.26980733871459961        1.0956687927246094     
   1.4640913009643555       0.51843595504760742     
  0.98816442489624023        1.3590874671936035     
   1.2210645675659180        1.5725584030151367     
  0.44755125045776367       0.99695634841918945     
   1.6103496551513672        1.3802776336669922     
   1.2001976966857910       0.31836748123168945     
  0.99024581909179688       0.51843881607055664     
  0.23967933654785156       0.99773168563842773     
  0.73195838928222656        1.6044974327087402     
   1.7537727355957031        1.1954870223999023     
   1.1078953742980957        1.0059671401977539     
  0.48216819763183594        1.0071702003479004     
  0.94929456710815430       6.84156417846679688E-002
  0.79113864898681641        1.7712721824645996     
  0.62076473236083984        1.3516988754272461     
   1.5426135063171387        1.1144185066223145     
   1.6056146621704102        1.2826681137084961     
   1.6263642311096191       0.88378429412841797     
   1.3858051300048828        1.1411633491516113     
   1.5695214271545410        1.2962951660156250     
   1.6031699180603027       0.96281862258911133     
   1.0172324180603027       0.12004709243774414     
  0.96555519104003906        1.0248856544494629     
  0.55870342254638672        1.0336232185363770     
  0.59954166412353516       0.96849060058593750     
   1.3735213279724121       0.70388746261596680     
   1.5659694671630859        1.1897778511047363     
  0.89959716796875000       0.17702722549438477     
   1.0888295173645020       0.52110099792480469     
   1.0848870277404785        1.3875432014465332     
   1.7798695564270020        1.0597958564758301     
  0.69902229309082031       0.54859399795532227     
  0.86160564422607422       0.61440896987915039     
   1.1614294052124023        1.2082815170288086     
   1.1177744865417480       0.55771780014038086     
  0.81490373611450195       0.84128379821777344     
   1.1817469596862793        1.3476848602294922     
  0.15846633911132813       0.93202972412109375     
   1.7569456100463867        1.0187158584594727     
  0.63877916336059570       0.91229724884033203     
   1.4157414436340332        1.4647107124328613     
   1.0655550956726074        1.9149098396301270     
   1.2053117752075195       0.22274065017700195     
  0.21140670776367188       0.96218633651733398     
   1.1140651702880859        1.4712824821472168     
   1.2165584564208984        1.0469899177551270     
  0.75561189651489258        1.1475133895874023     
  0.99296522140502930       0.15635204315185547     
   1.5744824409484863       0.64350557327270508     
   1.0927248001098633       0.40023279190063477     
   1.6632728576660156       0.68105792999267578     
   1.3174996376037598       0.64205503463745117     
  0.41303873062133789       0.85701942443847656     
  0.93221426010131836        1.7045087814331055     
  0.32421112060546875        1.2525429725646973     
  0.94340229034423828        1.3998241424560547     
   1.2661914825439453       0.95602083206176758     
  0.86449813842773438       0.81220722198486328     
  0.59153366088867188       0.44783592224121094     
  0.50231838226318359        1.1978945732116699     
   1.1624364852905273        1.8182902336120605     
   1.3739104270935059        1.4077405929565430     
   1.5165095329284668       0.86177158355712891     
  0.81840848922729492        1.4153494834899902     
  0.92694568634033203       0.74351978302001953     
   1.1242117881774902       0.76535081863403320     
   1.1496391296386719       0.31111907958984375     
  0.59503984451293945       0.63709115982055664     
   1.0111613273620605        1.9098758697509766     
   1.5368700027465820       0.54869842529296875     
  0.73392963409423828       0.80474424362182617     
  0.90401029586791992       0.15504741668701172     
  0.47481679916381836        1.4364681243896484     
  0.28028154373168945       0.72642230987548828     
   1.7435932159423828       0.74506473541259766     
  0.53835010528564453        1.1990232467651367     
   1.3589544296264648       0.93667459487915039     
  0.95092964172363281        1.2129435539245605     
  0.85728549957275391       0.98687839508056641     
  0.75311136245727539        1.1146731376647949     
   1.0684118270874023       0.16813516616821289     
  0.88176441192626953        1.0637569427490234     
  0.50911903381347656       0.95943975448608398     
   1.2278065681457520        1.5322852134704590     
   1.7625861167907715        1.1294045448303223     
  0.46063041687011719        1.3341207504272461     
   1.3497805595397949        1.4001016616821289     
   1.2202363014221191       0.22466039657592773     
   1.0954298973083496       0.47105884552001953     
  0.39398431777954102        1.1990160942077637     
   1.5743722915649414        1.1379961967468262     
   1.6590013504028320        1.2839298248291016     
   1.4112052917480469       0.92359113693237305     
   1.0327820777893066        1.9650034904479980     
  0.69274806976318359       0.63148069381713867     
  0.32700490951538086        1.3055634498596191     
   1.0928850173950195       0.34394216537475586     
   1.0194125175476074       0.28695487976074219     
  0.90781116485595703        1.8062396049499512     
   1.1606068611145020        1.5801672935485840     
   1.1242761611938477       0.60869550704956055     
   1.2716603279113770        1.4720563888549805     
  0.58674430847167969        1.1152024269104004     
  0.64668273925781250       0.46483898162841797     
  0.25676965713500977        1.1107621192932129     
  0.86077880859375000        1.7344307899475098     
   1.0424609184265137        1.2515716552734375     
   1.3640112876892090       0.97974443435668945     
  0.51314878463745117        1.0769848823547363     
   1.2997283935546875        1.4803590774536133     
  0.14195680618286133       0.92317342758178711     
  0.91125440597534180        1.3825278282165527     
   1.4764137268066406       0.58997869491577148     
   1.1297907829284668       0.37771368026733398     
   1.3614935874938965       0.60378170013427734     
  0.61007165908813477       0.58881711959838867     
  0.34467315673828125       0.66432237625122070     
  0.27402305603027344       0.83929109573364258     
  0.72610473632812500        1.7195806503295898     
  0.90321063995361328        1.6553893089294434     
   1.3914914131164551        1.1812992095947266     
  0.77384376525878906        1.0935473442077637     
   1.1838254928588867        1.1620173454284668     
   1.3850941658020020       0.84010219573974609     
   1.8167781829833984       0.97459745407104492     
  9.07645225524902344E-002  0.91244602203369141     
  0.82697868347167969       0.25241374969482422     
   1.1280612945556641        1.5656275749206543     
   1.3562579154968262       0.97327423095703125     
  0.49044084548950195        1.2608413696289063     
   1.0145988464355469        1.5607209205627441     
   1.3014335632324219        1.0622305870056152     
  0.96339511871337891       0.82703161239624023     
   1.0008287429809570        1.5894985198974609     
  0.67165517807006836        1.2348203659057617     
  0.89200830459594727        1.2751107215881348     
   1.3467950820922852        1.5985035896301270     
   1.4911980628967285        1.3732352256774902     
   1.0953054428100586       0.81803941726684570     
   1.1772422790527344       0.92601585388183594     
   1.4865818023681641        1.4718704223632813     
   1.4077506065368652       0.42728662490844727     
   1.1395168304443359        1.7606949806213379     
  0.94387292861938477       0.35679101943969727     
   1.7545709609985352        1.1290469169616699     
   1.5115470886230469       0.58444118499755859     
  0.57763481140136719       0.71039628982543945     
   1.3705716133117676        1.0174098014831543     
   1.2035622596740723       0.46273756027221680     
  0.59762191772460938       0.48232984542846680     
  0.76156997680664063        1.2524056434631348     
   1.7261638641357422        1.2047853469848633     
   1.6381473541259766       0.87952852249145508     
  0.39711570739746094       0.79681205749511719     
  0.40481901168823242       0.62017965316772461     
  0.99413394927978516        1.7913880348205566     
   1.2119936943054199        1.3838839530944824     
   1.6027450561523438       0.80523777008056641     
   1.5964536666870117       0.73131608963012695     
   1.7027506828308105       0.87256908416748047     
  0.25504446029663086        1.1979560852050781     
   1.7215547561645508       0.84116649627685547     
   1.0543613433837891        1.0128922462463379     
   1.0674118995666504        1.5544910430908203     
  0.90947484970092773        1.6879463195800781     
   1.2731852531433105       0.68756818771362305     
  0.79878187179565430       0.37399291992187500     
   1.6360244750976563        1.0167775154113770     
   1.1328220367431641       0.15750217437744141     
   1.3480796813964844        1.1481785774230957     
   1.1923313140869141        1.4506244659423828     
   1.0440101623535156        1.6320962905883789     
  0.82104492187500000       0.59951162338256836     
  0.99360322952270508       0.72806882858276367     
   1.1697778701782227        1.0723257064819336     
  0.39525604248046875       0.79823541641235352     
   1.0120682716369629        1.1289625167846680     
  0.94147253036499023        1.6217164993286133     
   1.1273760795593262        1.2858896255493164     
  0.98255109786987305       0.33671522140502930     
   1.7476959228515625        1.1967473030090332     
   1.3049397468566895       0.97201681137084961     
  0.84377288818359375       0.46567869186401367     
   1.3864073753356934        1.1885776519775391     
   1.2132010459899902        1.6420969963073730     
  0.85319566726684570       0.62610626220703125     
  0.31657934188842773        1.1477766036987305     
  0.90958213806152344        1.1841559410095215     
  0.35029792785644531        1.3254518508911133     
   1.3915629386901855       0.79455900192260742     
   1.0984711647033691        1.8716998100280762     
  0.62409782409667969       0.95669603347778320     
  0.88497734069824219       0.75486516952514648     
   1.4684615135192871        1.4469423294067383     
  0.28451013565063477        1.2037496566772461     
  0.55357360839843750       0.58618640899658203     
   1.2310738563537598        1.3899793624877930     
  0.48713636398315430        1.0924158096313477     
  0.46865701675415039       0.56549692153930664     
   1.2155385017395020        1.3249325752258301     
   1.4571905136108398       0.50677013397216797     
  0.45807695388793945        1.2049212455749512     
  0.90530776977539063        1.1256351470947266     
   1.1847710609436035       0.82010650634765625     
   1.0472874641418457       0.41841316223144531     
  0.51806116104125977        1.2170691490173340     
   1.0768289566040039        1.3022103309631348     
   1.2997570037841797       0.49556350708007813     
  0.71501111984252930       0.54386043548583984     
  0.94889688491821289       0.28041172027587891     
   1.3844747543334961        1.3216438293457031     
  0.87695074081420898       0.87139463424682617     
   1.1278452873229980        1.6889433860778809     
  0.87927246093750000       0.26626539230346680     
   1.2069368362426758       0.68871974945068359     
   1.7790884971618652        1.0050187110900879     
  0.82192897796630859       0.31965637207031250     
   1.6075458526611328        1.3266148567199707     
  0.39646768569946289        1.2140607833862305     
  0.69764757156372070        1.5892896652221680     
   1.1413950920104980       0.29731035232543945     
   1.2518920898437500       0.51408576965332031     
   1.3744397163391113       0.77276229858398438     
   1.6313638687133789        1.2747917175292969     
  0.37620019912719727        1.1524171829223633     
   1.1140723228454590       0.30963420867919922     
   1.0685577392578125       0.70814180374145508     
   1.1010575294494629       0.89713239669799805     
   1.6604976654052734        1.2047710418701172     
  0.77854728698730469       0.99073648452758789     
  0.88096046447753906        1.6031942367553711     
   1.0261759757995605        1.8803629875183105     
  0.83397102355957031       0.69554042816162109     
  0.92937040328979492        1.7829680442810059     
  0.76494741439819336        1.2447752952575684     
   1.5338015556335449       0.70253419876098633     
   1.7108530998229980        1.2399330139160156     
   1.5514755249023438       0.66175746917724609     
   1.3466877937316895       0.72643518447875977     
  0.98807287216186523        1.6728744506835938     
   1.5588526725769043       0.63714981079101563     
  0.44845104217529297       0.77000999450683594     
  0.92869949340820313       0.25483846664428711     
   1.2996096611022949        1.4245705604553223     
  0.14325141906738281        1.0353126525878906     
   1.6632556915283203        1.1885290145874023     
  0.91398811340332031       0.45781373977661133     
  0.42249298095703125        1.1734542846679688     
  0.69583368301391602       0.74123954772949219     
  0.81924390792846680        1.7542405128479004     
   1.3468966484069824       0.86687564849853516     
  0.26187515258789063        1.0589089393615723     
  0.92694282531738281        1.5267705917358398     
  0.82481002807617188       0.75042629241943359     
   1.6175322532653809       0.77157354354858398     
   1.1162323951721191        1.7672624588012695     
   1.3888220787048340        1.0500240325927734     
   1.7890505790710449       0.88080739974975586     
  0.44196367263793945       0.67092990875244141     
  0.84288167953491211       0.30989742279052734     
  0.72068738937377930        1.4325041770935059     
  0.84596443176269531        1.4472613334655762     
  0.94263839721679688       0.55810832977294922     
   1.3793821334838867       0.66255855560302734     
  0.23738050460815430       0.99646282196044922     
   1.5179286003112793        1.3843660354614258     
   1.1603980064392090       0.53109169006347656     
  0.93516254425048828        1.3909850120544434     
  0.97358894348144531        1.6829466819763184     
   1.1158833503723145        1.3010258674621582     
  0.68780565261840820       0.68364286422729492     
  0.91227293014526367       0.65243339538574219     
  0.21869659423828125       0.94319629669189453     
  0.81578636169433594        1.3890910148620605     
  0.92784404754638672       0.47216176986694336     
  0.63057088851928711       0.84878110885620117     
   1.1273274421691895       0.95014572143554688     
  0.87202692031860352       0.44975709915161133     
   1.1604723930358887       0.21169424057006836     
   1.3331680297851563        1.4478535652160645     
  0.72586011886596680        1.0333542823791504     
   1.2310895919799805        1.4672613143920898     
  0.65114164352416992        1.1770434379577637     
  0.99517536163330078        1.1084303855895996     
  0.62566852569580078       0.41768217086791992     
   1.2733740806579590        1.1276807785034180     
  0.53967046737670898        1.2027726173400879     
   1.2355756759643555        1.3136401176452637     
   1.1270828247070313       0.70532798767089844     
   1.4107146263122559        1.0889368057250977     
  0.92849349975585938       0.96210479736328125     
   1.3046364784240723       0.77418279647827148     
  0.59488534927368164        1.3045892715454102     
  0.47220611572265625       0.94362688064575195     
   1.3606753349304199        1.3195910453796387     
  0.35383415222167969       0.92402029037475586     
   1.0311083793640137       0.26538848876953125     
   1.6273369789123535       0.87489366531372070     
  0.53951025009155273       0.85132455825805664     
   1.2772278785705566       0.93258047103881836     
   1.4187240600585938        1.2706360816955566     
  0.53674793243408203       0.60316944122314453     
  0.61930418014526367        1.2786955833435059     
   1.5554523468017578       0.65712690353393555     
  0.39491701126098633        1.3817296028137207     
   1.0965771675109863       0.20657444000244141     
  0.81197690963745117       0.53766489028930664     
  0.80483007431030273        1.2400031089782715     
  0.88572406768798828       0.71600675582885742     
  0.91115283966064453       0.69099855422973633     
   1.6584548950195313       0.84127807617187500     
  0.39232921600341797        1.3910651206970215     
  0.54461431503295898        1.5217924118041992     
   1.5117216110229492        1.3521251678466797     
  0.67781496047973633       0.43972206115722656     
  0.63108158111572266       0.66323232650756836     
   1.0384941101074219        1.5836105346679688     
  0.28325557708740234        1.0160880088806152     
   1.1036639213562012       0.42618370056152344     
  0.86605167388916016        1.3976440429687500     
  0.90954351425170898        1.3850626945495605     
  0.88016366958618164        1.2253389358520508     
  0.34644842147827148        1.3191690444946289     
   1.2200088500976563       0.56876277923583984     
  0.87504816055297852       0.84444093704223633     
  0.78535509109497070       0.68702459335327148     
   1.0567388534545898       0.66750526428222656     
  0.60476303100585938       0.62417078018188477     
   1.6582303047180176       0.89228296279907227     
   1.7017192840576172       0.94062995910644531     
   1.8352560997009277        1.0601048469543457     
   1.6950602531433105        1.1888537406921387     
  0.88198328018188477        1.0887537002563477     
   1.1048355102539063        1.0687294006347656     
  0.39377975463867188        1.3931994438171387     
  0.87128305435180664       0.31015920639038086     
   1.0669641494750977       0.72205066680908203     
   1.2083001136779785       0.34677600860595703     
   1.2144341468811035        1.6973204612731934     
   1.7915382385253906        1.1007628440856934     
   1.2186827659606934        1.2579946517944336     
  0.56881284713745117        1.0416784286499023     
  0.19544076919555664        1.1881842613220215     
  0.71343469619750977       0.70383596420288086     
  0.99361181259155273       0.17121362686157227     
   1.1951365470886230       0.48886728286743164     
   1.7632598876953125       0.81445026397705078     
   1.5814075469970703        1.1773896217346191     
  0.52675008773803711        1.0429286956787109     
   1.1859984397888184        1.5224533081054688     
  0.43456077575683594       0.60398626327514648     
   1.0429258346557617        1.1458740234375000     
   1.2586283683776855       0.40935802459716797     
   1.4847064018249512        1.3257837295532227     
   1.4801330566406250       0.61150360107421875     
   1.2235393524169922        1.2680497169494629     
  0.74366140365600586       0.66708183288574219     
   1.1761136054992676        1.4526500701904297     
  0.60742092132568359        1.3717861175537109     
  0.70994997024536133        1.1923270225524902     
  0.77939844131469727       0.37000465393066406     
  0.39708423614501953       0.95683193206787109     
  0.41761922836303711       0.62033700942993164     
  0.52244710922241211        1.1644692420959473     
  0.73840284347534180        1.6995735168457031     
   1.0693144798278809        1.5112166404724121     
   1.3972420692443848       0.46928644180297852     
   1.3007698059082031        1.1807699203491211     
  0.94794416427612305       0.84022235870361328     
   1.5897932052612305        1.0268397331237793     
   1.3888993263244629        1.1018071174621582     
   1.0695691108703613        1.4650197029113770     
   1.0556802749633789        1.7984476089477539     
   1.1810517311096191       0.36791324615478516     
  0.90246248245239258       0.64659976959228516     
   1.7699346542358398        1.1687736511230469     
   1.0932140350341797        1.1557073593139648     
  0.70652532577514648       0.86421346664428711     
  0.60754251480102539       0.77259492874145508     
  0.78729915618896484       0.83406686782836914     
  0.59341764450073242        1.1685733795166016     
  0.93912935256958008        1.7354121208190918     
  0.65878200531005859       0.35233068466186523     
  0.99298810958862305       0.43565797805786133     
   1.7389740943908691        1.1138691902160645     
  0.94543647766113281       0.81604099273681641     
  0.32443141937255859        1.2302384376525879     
  0.32528829574584961        1.2085289955139160     
   1.1438441276550293        1.7550773620605469     
   1.6329874992370605        1.3588471412658691     
   1.6049594879150391       0.70534086227416992     
  0.67115163803100586        1.5657949447631836     
   1.2439684867858887        1.5055718421936035     
  0.43480682373046875        1.1956143379211426     
  0.83429861068725586        1.0078539848327637     
  7.41062164306640625E-002   1.0171208381652832     
   1.3428740501403809        1.4536943435668945     
  0.41199874877929688       0.87569761276245117     
  0.83316564559936523        1.1540079116821289     
  0.88020515441894531        1.2186012268066406     
  0.37069272994995117        1.0021147727966309     
  0.97482347488403320        1.5626006126403809     
   1.4546227455139160       0.55394268035888672     
  0.86172008514404297        1.7924022674560547     
  0.50481748580932617       0.70691299438476563     
  0.47065687179565430        1.0883688926696777     
  0.99151182174682617        1.6949028968811035     
  0.49598264694213867        1.1672673225402832     
   1.3860583305358887        1.1895661354064941     
   1.5762963294982910        1.2242732048034668     
  0.92727756500244141       0.85300540924072266     
  0.96902561187744141       0.34158468246459961     
  0.26608514785766602        1.0068025588989258     
   1.1375412940979004        1.0742783546447754     
   1.0038299560546875        1.9814586639404297     
   1.0143399238586426        1.9609436988830566     
   1.0716490745544434        1.5466346740722656     
  0.45106744766235352       0.87226867675781250     
   1.7511048316955566       0.80767107009887695     
  0.98430490493774414       0.13824605941772461     
   1.2346844673156738        1.5075545310974121     
  0.30499362945556641       0.95432138442993164     
  0.87982463836669922       0.90019941329956055     
   1.6856603622436523       0.85269355773925781     
  0.81335878372192383       0.18914651870727539     
  0.48356580734252930        1.3880281448364258     
   1.7890605926513672       0.84777688980102539     
  0.46473741531372070        1.3171362876892090     
  0.62618064880371094        1.4660925865173340     
   1.3499565124511719        1.3859782218933105     
   1.7409238815307617        1.1390562057495117     
   1.4630627632141113        1.1532897949218750     
   1.0372982025146484        1.2572522163391113     
   1.0050158500671387       0.94350242614746094     
   1.2364983558654785       0.26031160354614258     
  0.61933708190917969        1.3630299568176270     
   1.4905800819396973       0.61937284469604492     
  0.93874168395996094       0.55070543289184570     
   1.4654417037963867        1.4356255531311035     
  0.87659311294555664       0.20457744598388672     
  0.56341552734375000        1.1772508621215820     
  0.60336971282958984        1.0315346717834473     
   1.0409131050109863        1.9065084457397461     
  0.45715427398681641       0.68533658981323242     
   1.0280771255493164       0.21831750869750977     
  0.99842834472656250        1.7716627120971680     
   1.0384039878845215        1.5340719223022461     
  0.99365329742431641        1.4228081703186035     
   1.3651599884033203        1.5400385856628418     
  0.27682542800903320       0.74319791793823242     
  0.74438667297363281       0.48648691177368164     
  0.59129905700683594        1.3244204521179199     
   1.3513169288635254       0.69722414016723633     
  0.63895654678344727        1.4678535461425781     
   1.4988098144531250        1.2538504600524902     
  0.62235546112060547        1.0031647682189941     
  0.74319791793823242       0.92253541946411133     
   1.6232800483703613       0.69161224365234375     
   1.0212578773498535        1.5704798698425293     
  0.98239374160766602       0.76274585723876953     
   1.1289796829223633        1.7735152244567871     
  0.81898784637451172       0.77571773529052734     
  0.80053424835205078       0.30523681640625000     
   1.3926773071289063       0.47011184692382813     
   1.2722082138061523       0.49154949188232422     
   1.4908847808837891        1.0235624313354492     
   1.3195652961730957        1.0175714492797852     
   1.4272184371948242       0.97529411315917969     
   1.0965628623962402       0.65167379379272461     
  0.79866886138916016       0.49874496459960938     
   1.2376313209533691       0.41655492782592773     
   1.1194167137145996        1.5789456367492676     
  0.50831937789916992       0.70055580139160156     
   1.5409870147705078        1.0225067138671875     
   1.2663946151733398       0.81057929992675781     
  0.85311841964721680        1.7165694236755371     
   1.4083929061889648        1.3794836997985840     
  0.86726188659667969       0.99943399429321289     
  0.57105445861816406        1.2289438247680664     
  0.78101348876953125        1.5225505828857422     
   1.7460894584655762        1.0144042968750000     
  0.87137317657470703       0.97667598724365234     
  0.93668317794799805       0.47181415557861328     
  0.38355159759521484        1.0957431793212891     
